(64,'Pegnuinus', '1984-02-18', 3728, 357092, 671143, 2, 21),
(65,'Rinvihines', '1981-07-17', 1659, 600851, 700149, 7, 29),
(66,'Thonnov', '1973-03-09', 5934, 851117, 8579, 2, 18),
(67,'Alorix', '1968-06-25', 6664, 918697, 861060, 4, 23),
(68,'Nalia', '1930-02-06', 6087, 687211, 946521, 4, 21),
(69,'Dulea', '1966-12-17', 9210, 898092, 643930, 4, 21),
(70,'Dreuthea', '1943-09-27', 3681, 145754, 783124, 6, 20),
(71,'Strakoter', '1944-11-27', 2383, 377084, 630706, 3, 22),
(72,'Certh GPV3', '1940-01-19', 6010, 408688, 883875, 6, 16),
(73,'Groria IO7', '1979-11-03', 9564, 805071, 233303, 4, 19),
(74,'Magriuhiri', '1942-05-15', 2291, 481653, 915520, 3, 30),
(75,'Zilnotera', '1978-04-16', 8331, 908626, 720103, 7, 30),
(76,'Radrides', '1937-05-11', 4739, 747586, 335795, 1, 30),
(77,'Engiri', '1972-12-18', 6352, 858424, 315119, 5, 22),
(78,'Patania', '1963-07-01', 9160, 132160, 738840, 6, 29),
(79,'Giagantu', '1954-12-25', 6402, 959012, 639967, 1, 22),
(80,'Chethalia', '1938-08-20', 6445, 955292, 469280, 6, 25),
(81,'Crokoliv', '1927-04-01', 7048, 480433, 110097, 6, 25),
(82,'Brion 21H', '1955-09-28', 1299, 195014, 240826, 2, 28),
(83,'Croria 1HW', '1973-07-16', 3934, 396081, 125913, 6, 30),
(84,'Hivunope', '1924-11-18', 8265, 687505, 688587, 3, 27),
(85,'Ulnacarro', '1975-04-26', 6543, 979218, 162621, 7, 20),
(86,'Sangorix', '1970-07-30', 9412, 580310, 223565, 2, 26),
(87,'Mucrides', '1942-03-09', 5974, 666215, 530708, 6, 17),
(88,'Kanov', '1934-03-01', 6004, 214135, 579508, 7, 21),
(89,'Beapra', '1981-07-15', 4468, 838388, 38495, 2, 27),
(90,'Phoitune', '1976-10-25', 6747, 223290, 666246, 3, 28),
(91,'Vizemia', '1955-04-27', 3926, 975854, 591971, 6, 19),
(92,'Phorix 5844', '1964-11-12', 7092, 979387, 782452, 5, 16),
(93,'Nosie SK', '1936-10-13', 2255, 407286, 553360, 4, 25),
(94,'Zasinerth', '1979-12-02', 1962, 720364, 471317, 2, 17),
(95,'Talmonope', '1963-02-03', 2251, 501005, 635881, 2, 16),
(96,'Salorth', '1937-01-06', 7059, 203858, 594469, 6, 26),
(97,'Ulnilia', '1925-03-18', 1030, 169458, 582578, 1, 17),
(98,'Taustea', '1962-10-30', 5926, 146970, 972575, 7, 19),
(99,'Eoria', '1970-02-10', 3973, 599711, 203272, 3, 24),
(100,'Birepra', '1968-03-20', 3576, 604214, 75133, 4, 19),
(101,'Zeyolia', '1967-04-03', 5926, 345013, 857864, 1, 22),
(102,'Drorth 3F', '1963-12-24', 9901, 166487, 311058, 6, 20),
(103,'Vichi A11', '1976-11-16', 5384, 116632, 104212, 2, 23),
(104,'Hulnoter', '1936-03-28', 7348, 858159, 174406, 3, 17),
(105,'Oluzuno', '1973-04-08', 3285, 150848, 57261, 6, 20),
(106,'Chicrillon', '1926-03-27', 2020, 567753, 454788, 7, 26),
(107,'Yeccichi', '1933-09-25', 1913, 372838, 301225, 7, 27),
(108,'Chanus', '1966-08-06', 7955, 855881, 540744, 4, 24),
(109,'Cheohines', '1976-01-07', 5749, 932759, 540270, 5, 21),
(110,'Drexilea', '1938-01-21', 3384, 815589, 993525, 7, 28),
(111,'Crumezuno', '1930-12-17', 8591, 173522, 36110, 3, 27),
(112,'Beshan D3D0', '1956-01-22', 4555, 831861, 935560, 4, 21),
(113,'Chiuq QC', '1978-03-20', 728, 118179, 864174, 4, 29),
